461
450
425
434
458
483
496
527
548
580
566
563
569
586
597
618
649
636
648
628
594
564
517
475
456
451
459
480
514
536
544
540
524
483
452
442
437
443
454
473
498
516
519
510
489
468
446
434
438
462
505
557
603
641
645
637
611
594
580
541
527
514
515
521
528
532
527
520
502
482
466
484
464
465
481
501
521
507
495
481
450
437
437
447
467
484
496
510
522
528
532
513
526
541
562
546
555
557
556
598
612
590
569
536
498
467
457
458
480
489
498
525
536
532
510
501
466
455
451
451
460
475
490
508
517
539
491
464
438
437
465
506
567
590
609
616
614
600
578
572
558
562
577
585
579
561
529
485
456
444
443
463
476
495
512
510
519
512
502
490
502
458
454
469
492
510
517
518
510
505
491
480
477
490
521
556
592
626
663
662
626
584
537
484
452
456
462
484
511
536
548
551
537
517
492
463
440
427
433
466
477
498
509
515
530
494
471
437
434
459
495
550
570
604
609
621
626
586
551
520
499
491
486
485
497
516
532
537
525
505
500
469
447
454
475
512
496
503
501
466
476
480
478
493
487
484
487
487
475
454
450
456
478
520
559
617
614
630
616
588
557
537
511
496
500
494
505
513
500
490
486
485
500
474
482
492
502
514
514
521
481
454
443
437
458
465
477
495
506
498
475
455
468
475
513
555
602
634
670
639
603
563
541
496
488
487
497
512
523
539
532
547
513
480
449
434
433
441
465
488
510
518
510
493
471
451
448
450
460
474
491
503
505
515
525
539
551
557
570
576
558
563
549
558
550
524
499
471
443
449
457
463
487
535
527
526
524
483
439
455
472
482
493
494
498
520
508
483
470
458
454
454
456
477
518
551
584
600
618
596
554
541
530
528
527
534
541
535
530
511
497
478
498
487
480
479
496
518
530
521
497
487
459
452
469
461
472
495
510
520
520
517
506
485
469
480
504
519
547
565
577
585
568
566
543
539
527
522
525
500
509
517
521
519
502
486
472
470
468
473
481
505
511
505
496
503
478
447
453
463
468
489
482
496
502
509
516
527
557
574
589
606
593
581
547
547
497
487
475
464
476
480
525
532
538
524
510
487
476
470
472
490
511
501
495
485
490
483
493
493
497
504
486
476
472
487
514
527
535
567
584
583
573
558
557
563
570
577
565
552
529
507
489
480
488
493
500
509
522
521
512
497
479
473
469
472
502
501
502
502
502
500
498
491
484
479
479
483
503
531
558
582
604
598
589
583
570
574
575
574
546
533
531
515
508
483
462
459
465
479
492
508
518
514
503
488
477
465
466
470
481
509
502
503
491
481
475
471
474
499
538
577
598
624
620
606
586
573
557
540
527
520
520
537
514
490
461
467
481
491
499
515
522
532
503
482
465
459
471
474
469
502
516
532
524
510
486
478
474
476
487
506
545
578
614
634
641
627
602
576
552
542
537
524
551
525
519
502
490
483
483
489
497
502
511
519
507
509
499
485
475
468
468
471
480
494
506
512
504
497
494
504
485
462
468
498
551
604
642
654
637
623
568
544
511
497
498
512
518
522
530
549
544
528
508
468
448
454
453
464
474
490
507
506
501
495
486
489
473
483
472
476
477
481
490
497
523
552
580
604
619
619
602
580
572
548
515
487
467
456
463
461
485
507
522
535
541
533
520
498
477
463
458
457
469
486
496
516
529
536
524
513
474
449
428
427
449
483
547
592
618
650
625
598
576
551
539
516
503
496
499
507
518
527
518
505
486
477
467
474
460
472
493
508
513
504
491
475
466
476
441
445
467
491
508
517
516
504
495
498
512
532
556
579
603
595
569
590
552
535
529
504
485
481
485
501
514
516
509
503
490
481
475
466
462
478
498
518
526
516
506
511
488
459
439
438
453
470
497
523
551
576
591
609
622
611
593
567
550
526
513
505
513
525
529
531
519
518
504
512
473
471
471
486
502
508
510
505
493
482
472
476
480
489
502
510
514
505
494
490
494
521
551
587
609
626
664
644
605
549
509
496
489
504
526
543
561
541
514
500
484
476
473
473
476
484
488
493
513
500
493
489
483
482
475
457
468
470
487
501
536
521
510
521
535
555
558
582
602
617
618
606
597
584
568
546
527
510
494
477
490
487
485
483
486
504
515
513
506
482
461
473
459
447
459
473
496
510
524
492
510
513
510
510
490
504
501
554
564
597
632
613
595
552
529
509
494
495
471
476
489
517
549
531
548
547
529
514
481
464
454
453
452
480
460
479
488
517
521
503
476
448
441
438
475
484
512
561
593
608
608
592
579
562
555
534
524
523
502
500
485
484
473
492
457
458
481
510
509
514
496
497
468
446
427
455
471
479
505
515
526
529
517
507
494
487
470
482
468
475
501
538
557
579
596
601
600
574
544
516
502
495
495
489
481
469
463
459
474
505
487
502
502
531
522
512
502
483
477
471
470
472
468
460
472
472
486
483
503
519
532
547
544
552
552
564
565
561
560
543
514
514
489
482
486
478
495
487
495
494
501
506
509
512
501
506
491
478
473
475
485
494
504
505
502
493
483
466
480
487
488
497
512
541
567
584
587
578
556
538
527
530
522
528
530
531
521
516
505
505
494
487
497
509
531
540
521
499
491
478
474
469
495
522
538
542
537
510
485
468
465
477
496
524
555
584
614
634
634
640
635
627
624
592
572
561
579
554
568
575
585
568
526
466
418
393
395
414
436
454
