503.6734693877551
506.8775510204082
510.0612244897959
513.1632653061224
516.4081632653061
520.1020408163265
524.3469387755102
529.0
533.6326530612245
537.8775510204082
541.1224489795918
542.6530612244898
541.9591836734694
538.9591836734694
534.0
527.7142857142857
521.0204081632653
514.795918367347
509.81632653061223
506.55102040816325
505.1020408163265
505.2244897959184
506.44897959183675
508.18367346938777
509.85714285714283
511.0408163265306
511.46938775510205
511.0408163265306
509.83673469387753
508.1020408163265
506.1020408163265
504.14285714285717
502.38775510204084
500.9591836734694
499.9387755102041
499.3673469387755
499.18367346938777
499.42857142857144
500.2040816326531
501.7142857142857
504.2244897959184
507.9387755102041
512.8163265306123
518.6938775510204
525.0816326530612
531.265306122449
536.4489795918367
539.7551020408164
540.530612244898
538.6122448979592
534.2857142857143
528.204081632653
521.265306122449
514.4285714285714
508.6326530612245
504.57142857142856
502.53061224489795
502.3469387755102
503.59183673469386
505.6938775510204
508.0612244897959
510.14285714285717
511.48979591836735
511.8775510204082
511.3265306122449
510.0816326530612
508.40816326530614
506.57142857142856
504.83673469387753
503.40816326530614
502.38775510204084
501.7755102040816
501.51020408163265
501.57142857142856
502.0408163265306
503.0816326530612
505.0408163265306
508.2448979591837
512.8571428571429
518.7551020408164
525.5918367346939
532.7142857142857
539.3061224489796
544.2857142857143
546.734693877551
546.1836734693877
542.6938775510204
536.795918367347
529.3877551020408
521.469387755102
514.1632653061224
508.38775510204084
504.6326530612245
502.9795918367347
503.1224489795918
504.46938775510205
506.40816326530614
508.3265306122449
509.6938775510204
510.2244897959184
509.7959183673469
508.48979591836735
506.59183673469386
504.42857142857144
502.265306122449
500.3673469387755
498.8775510204082
497.9183673469388
497.46938775510205
497.40816326530614
497.55102040816325
497.8775510204082
498.57142857142856
499.8979591836735
502.1020408163265
505.53061224489795
510.3673469387755
516.5510204081633
523.7142857142857
531.0204081632653
537.5102040816327
542.2244897959183
544.2244897959183
543.0816326530612
538.9387755102041
532.3877551020408
524.4285714285714
516.204081632653
508.85714285714283
503.3469387755102
500.1020408163265
499.1224489795918
500.0
502.0816326530612
504.6938775510204
507.1224489795918
508.7755102040816
509.38775510204084
508.8775510204082
507.42857142857144
505.40816326530614
503.1020408163265
500.83673469387753
498.9795918367347
497.6734693877551
496.9795918367347
496.85714285714283
497.1224489795918
497.6530612244898
498.3673469387755
499.3061224489796
500.6938775510204
502.8979591836735
506.265306122449
511.1020408163265
517.4489795918367
525.0612244897959
533.265306122449
541.204081632653
547.8775510204082
552.265306122449
553.6734693877551
551.9591836734694
547.5714285714286
541.4489795918367
534.8775510204082
529.3877551020408
526.9387755102041
528.4897959183673
532.7755102040817
538.5102040816327
546.1020408163265
556.4489795918367
569.6938775510204
583.5918367346939
595.6530612244898
605.8979591836735
613.734693877551
615.1224489795918
605.204081632653
580.8163265306123
543.1020408163265
496.38775510204084
445.85714285714283
396.85714285714283
355.734693877551
327.81632653061223
316.3469387755102
322.2448979591837
345.7551020408163
386.9795918367347
441.18367346938777
504.2040816326531
573.2244897959183
646.3061224489796
709.8571428571429
759.9591836734694
787.8163265306123
794.4897959183673
781.0
747.9795918367347
696.0816326530612
648.5918367346939
604.5102040816327
568.4897959183673
540.204081632653
519.4489795918367
506.40816326530614
501.44897959183675
494.16326530612247
487.18367346938777
481.0408163265306
476.46938775510205
473.8775510204082
473.3061224489796
474.55102040816325
477.2448979591837
481.265306122449
486.61224489795916
493.16326530612247
501.0612244897959
510.51020408163265
521.7142857142857
534.3673469387755
547.4489795918367
559.4897959183673
568.9591836734694
574.265306122449
574.1632653061224
567.5918367346939
554.530612244898
536.2448979591836
514.6938775510204
491.9183673469388
470.2040816326531
451.734693877551
438.7142857142857
432.2244897959184
431.51020408163265
434.9795918367347
441.0408163265306
447.7959183673469
452.8775510204082
453.7959183673469
449.2448979591837
440.1020408163265
428.16326530612247
415.81632653061223
405.6938775510204
400.3673469387755
401.8979591836735
411.14285714285717
427.2857142857143
448.81632653061223
472.8979591836735
496.2448979591837
516.3265306122449
531.5510204081633
541.3265306122449
545.9183673469388
546.0
543.0
538.5510204081633
533.6938775510204
528.9591836734694
524.4897959183673
520.2857142857143
516.3673469387755
512.7755102040817
509.61224489795916
507.3061224489796
506.38775510204084
507.2448979591837
509.9795918367347
514.469387755102
520.3265306122449
527.0408163265306
533.795918367347
539.7551020408164
544.265306122449
546.734693877551
546.5102040816327
543.3673469387755
537.5714285714286
529.7551020408164
520.6734693877551
511.1224489795918
502.2448979591837
495.40816326530614
491.6938775510204
491.44897959183675
494.57142857142856
500.6734693877551
509.18367346938777
519.1632653061224
529.4285714285714
538.7551020408164
546.2857142857143
551.530612244898
554.3265306122449
554.7755102040817
553.7755102040817
552.5510204081633
552.3877551020408
554.6938775510204
560.6938775510204
570.9795918367347
585.3673469387755
601.8571428571429
617.4489795918367
628.6530612244898
631.6326530612245
622.795918367347
600.1632653061224
563.5510204081633
515.1836734693877
459.46938775510205
402.46938775510205
350.7959183673469
310.734693877551
286.55102040816325
280.3265306122449
291.81632653061223
318.2040816326531
354.6326530612245
395.7142857142857
436.3265306122449
472.53061224489795
501.6734693877551
522.6122448979592
536.1020408163265
544.3469387755102
549.7755102040817
554.530612244898
559.9795918367347
566.7755102040817
574.734693877551
582.5510204081633
588.1632653061224
589.3877551020408
584.4285714285714
572.5714285714286
554.2857142857143
531.0612244897959
505.2448979591837
479.61224489795916
457.0204081632653
439.7551020408163
428.9183673469388
424.2448979591837
424.51020408163265
428.0816326530612
433.2448979591837
438.59183673469386
443.2857142857143
447.2040816326531
450.7959183673469
454.83673469387753
459.734693877551
465.85714285714283
473.9387755102041
484.44897959183675
497.2857142857143
511.9387755102041
527.469387755102
543.2244897959183
558.0612244897959
569.6122448979592
575.6938775510204
575.1632653061224
568.0
555.1632653061224
538.0816326530612
518.8367346938776
499.8979591836735
483.40816326530614
470.7755102040816
463.1224489795918
460.9591836734694
463.7959183673469
470.734693877551
481.6326530612245
493.0612244897959
504.3673469387755
513.8775510204082
519.9183673469388
521.9387755102041
519.6530612244898
511.6326530612245
503.40816326530614
495.1020408163265
487.48979591836735
481.38775510204084
477.0612244897959
474.7551020408163
475.2448979591837
475.83673469387753
476.6734693877551
477.81632653061223
479.3265306122449
481.2244897959184
483.3265306122449
485.55102040816325
487.7959183673469
489.81632653061223
491.46938775510205
492.6938775510204
493.57142857142856
494.3265306122449
495.0612244897959
495.7959183673469
496.59183673469386
497.42857142857144
498.2448979591837
498.83673469387753
499.0204081632653
498.7142857142857
498.0
497.0612244897959
496.0408163265306
495.0612244897959
494.265306122449
493.7551020408163
493.57142857142856
493.6530612244898
493.83673469387753
494.0408163265306
494.2448979591837
494.55102040816325
495.0
495.57142857142856
496.2448979591837
496.9795918367347
497.7755102040816
498.48979591836735
498.8775510204082
498.83673469387753
498.44897959183675
497.81632653061223
497.16326530612247
496.55102040816325
496.16326530612247
496.16326530612247
496.61224489795916
497.46938775510205
498.6530612244898
499.8979591836735
501.0816326530612
502.0
502.53061224489795
502.61224489795916
502.2040816326531
501.3469387755102
500.2448979591837
499.0612244897959
498.0204081632653
497.2244897959184
496.734693877551
496.55102040816325
496.6938775510204
497.0612244897959
497.53061224489795
497.9795918367347
498.40816326530614
498.7755102040816
499.0816326530612
499.2244897959184
499.265306122449
499.265306122449
499.2448979591837
499.2244897959184
499.2448979591837
499.3469387755102
499.57142857142856
499.8775510204082
500.2857142857143
500.7959183673469
501.3469387755102
501.9591836734694
502.6938775510204
503.6530612244898
504.7755102040816
505.8979591836735
506.8775510204082
507.6734693877551
508.1224489795918
508.0612244897959
507.3265306122449
506.0204081632653
504.3673469387755
502.7142857142857
501.2040816326531
500.0204081632653
499.2244897959184
498.8775510204082
498.9183673469388
499.2448979591837
499.57142857142856
499.81632653061223
499.9387755102041
499.9795918367347
499.9795918367347
499.9591836734694
499.9183673469388
499.8979591836735
499.9183673469388
499.9183673469388
499.8979591836735
499.83673469387753
499.7551020408163
499.7142857142857
500.0408163265306
500.9591836734694
502.6734693877551
505.16326530612247
508.2857142857143
511.7755102040816
515.2448979591836
517.9387755102041
519.204081632653
518.6734693877551
516.3469387755102
512.530612244898
507.7551020408163
502.6530612244898
497.9591836734694
494.2857142857143
491.9591836734694
491.0
491.2244897959184
492.3061224489796
493.8775510204082
495.61224489795916
497.2448979591837
498.57142857142856
499.53061224489795
500.16326530612247
500.51020408163265
500.6326530612245
500.59183673469386
500.44897959183675
500.2857142857143
500.14285714285717
500.0
499.83673469387753
499.81632653061223
500.265306122449
501.51020408163265
503.7551020408163
507.0
511.0816326530612
515.8163265306123
520.5714285714286
524.4081632653061
526.469387755102
526.204081632653
523.5714285714286
518.9591836734694
512.8367346938776
506.14285714285717
499.8979591836735
494.8979591836735
491.7142857142857
490.48979591836735
490.9387755102041
492.7142857142857
495.2040816326531
497.83673469387753
500.2857142857143
502.2040816326531
503.40816326530614
503.9591836734694
503.9387755102041
503.51020408163265
502.8979591836735
502.14285714285717
501.44897959183675
500.9183673469388
500.57142857142856
500.42857142857144
500.48979591836735
500.7755102040816
501.6326530612245
503.2857142857143
505.9183673469388
509.46938775510205
513.7142857142857
518.3265306122449
522.8775510204082
526.4285714285714
528.1632653061224
527.4897959183673
524.4081632653061
519.3061224489796
512.8163265306123
505.59183673469386
498.61224489795916
492.7142857142857
488.57142857142856
486.42857142857144
486.14285714285717
487.3265306122449
489.61224489795916
492.46938775510205
495.3673469387755
497.8775510204082
499.6734693877551
500.7142857142857
501.0408163265306
500.6938775510204
499.83673469387753
498.6530612244898
497.2448979591837
495.6530612244898
493.7142857142857
491.3469387755102
488.42857142857144
484.9183673469388
480.9183673469388
476.59183673469386
472.2040816326531
468.16326530612247
464.7551020408163
462.2857142857143
460.6938775510204
459.81632653061223
459.53061224489795
459.6530612244898
460.1020408163265
461.0
462.6734693877551
465.83673469387753
470.9591836734694
478.2857142857143
487.9795918367347
499.7551020408163
512.8571428571429
526.1632653061224
538.5510204081633
549.2448979591836
557.5918367346939
562.8367346938776
564.6122448979592
562.9591836734694
558.2857142857143
551.0
541.4489795918367
530.0816326530612
517.8367346938776
505.7142857142857
494.83673469387753
486.2040816326531
480.61224489795916
478.6734693877551
480.81632653061223
486.85714285714283
496.18367346938777
507.7551020408163
520.2448979591836
532.1632653061224
542.2857142857143
549.5714285714286
553.4489795918367
553.8163265306123
550.9591836734694
545.5102040816327
538.5714285714286
531.0612244897959
523.795918367347
517.4897959183673
512.5918367346939
509.3061224489796
507.6530612244898
507.3265306122449
507.9387755102041
509.1020408163265
510.3265306122449
511.18367346938777
511.38775510204084
510.7755102040816
509.3469387755102
507.2857142857143
504.81632653061223
502.16326530612247
499.57142857142856
497.2857142857143
495.51020408163265
494.51020408163265
494.44897959183675
495.38775510204084
497.2448979591837
499.85714285714283
503.0408163265306
506.48979591836735
509.6530612244898
512.0
513.204081632653
513.3061224489796
512.469387755102
510.734693877551
508.265306122449
505.3265306122449
502.2857142857143
499.44897959183675
496.9591836734694
494.8775510204082
493.3265306122449
492.3673469387755
492.0816326530612
492.3469387755102
492.8979591836735
493.46938775510205
493.8775510204082
494.0612244897959
494.0816326530612
494.0
494.0408163265306
494.51020408163265
495.6326530612245
497.42857142857144
499.7142857142857
502.18367346938777
504.57142857142856
506.6734693877551
508.44897959183675
510.0204081632653
511.6938775510204
513.734693877551
516.3469387755102
519.5102040816327
523.0
526.265306122449
528.6530612244898
529.6122448979592
528.8979591836735
526.469387755102
522.6122448979592
517.7142857142857
512.4285714285714
507.40816326530614
503.0816326530612
499.81632653061223
497.81632653061223
497.0816326530612
497.59183673469386
499.0612244897959
501.1224489795918
503.48979591836735
505.734693877551
507.53061224489795
508.6734693877551
509.0408163265306
508.7142857142857
507.85714285714283
506.61224489795916
505.0408163265306
503.18367346938777
501.0816326530612
498.734693877551
496.2040816326531
493.6734693877551
491.3265306122449
489.53061224489795
488.61224489795916
488.83673469387753
490.44897959183675
493.57142857142856
498.14285714285717
504.0408163265306
511.0
518.6734693877551
526.4897959183673
533.7755102040817
539.7755102040817
543.8163265306123
545.469387755102
544.4897959183673
540.9591836734694
535.4081632653061
528.5918367346939
521.4285714285714
514.8367346938776
509.48979591836735
505.9183673469388
504.265306122449
504.3265306122449
505.6530612244898
507.6326530612245
509.6326530612245
511.14285714285717
511.7551020408163
511.3265306122449
509.8775510204082
507.6938775510204
505.18367346938777
502.7551020408163
500.7142857142857
499.265306122449
498.48979591836735
498.42857142857144
498.9591836734694
499.9591836734694
501.2448979591837
502.7959183673469
504.734693877551
507.2448979591837
510.59183673469386
514.8571428571429
519.9591836734694
525.7142857142857
531.6734693877551
537.1224489795918
541.2448979591836
543.1632653061224
542.4897959183673
539.204081632653
533.734693877551
526.7755102040817
519.3061224489796
512.3877551020408
506.9591836734694
503.53061224489795
502.2448979591837
502.83673469387753
504.8775510204082
507.7551020408163
510.8775510204082
513.7551020408164
516.0408163265306
517.5714285714286
518.2857142857143
518.265306122449
517.6530612244898
516.4897959183673
514.8367346938776
512.8163265306123
510.57142857142856
508.2857142857143
506.0612244897959
504.0
502.3265306122449
501.2040816326531
500.734693877551
500.8979591836735
501.6530612244898
503.0408163265306
505.1224489795918
507.9591836734694
511.6326530612245
516.0408163265306
521.0204081632653
526.2857142857143
531.3265306122449
535.5510204081633
538.2857142857143
538.9795918367347
537.469387755102
533.9387755102041
528.8367346938776
522.8367346938776
516.6530612244898
511.0
506.40816326530614
503.2040816326531
501.38775510204084
500.734693877551
500.9183673469388
501.6530612244898
502.59183673469386
503.53061224489795
504.18367346938777
504.44897959183675
504.3469387755102
503.9591836734694
503.3265306122449
502.61224489795916
501.85714285714283
501.2040816326531
500.734693877551
500.42857142857144
500.2040816326531
500.0612244897959
499.9591836734694
499.9591836734694
500.0816326530612
500.2448979591837
500.46938775510205
500.7755102040816
501.1224489795918
501.46938775510205
501.85714285714283
502.42857142857144
503.55102040816325
505.53061224489795
508.53061224489795
512.530612244898
517.3061224489796
522.3469387755102
526.9795918367347
530.3469387755102
531.7142857142857
530.7142857142857
527.4285714285714
522.3877551020408
516.3877551020408
510.3061224489796
505.0408163265306
501.2857142857143
499.44897959183675
499.55102040816325
501.2040816326531
503.81632653061223
506.7755102040816
509.44897959183675
511.42857142857144
512.4285714285714
512.3265306122449
511.265306122449
509.53061224489795
507.44897959183675
505.3469387755102
503.40816326530614
501.7551020408163
500.42857142857144
499.48979591836735
498.9183673469388
498.7142857142857
498.83673469387753
499.2448979591837
499.9183673469388
500.9183673469388
502.0
503.0816326530612
504.0612244897959
505.14285714285717
506.51020408163265
508.40816326530614
510.9387755102041
514.2448979591836
518.1632653061224
522.4081632653061
526.2857142857143
529.1632653061224
530.3877551020408
529.6122448979592
526.8163265306123
522.3469387755102
516.7755102040817
510.9183673469388
505.59183673469386
501.42857142857144
498.7551020408163
497.6938775510204
498.0612244897959
499.44897959183675
501.38775510204084
503.3673469387755
505.0204081632653
506.1020408163265
506.42857142857144
506.0204081632653
505.0408163265306
503.6530612244898
502.0816326530612
500.59183673469386
499.42857142857144
498.734693877551
498.53061224489795
498.7959183673469
499.46938775510205
500.42857142857144
501.53061224489795
502.6734693877551
503.9183673469388
505.38775510204084
507.3061224489796
509.85714285714283
513.1020408163265
516.8979591836735
520.9795918367347
524.8775510204082
528.0816326530612
529.8775510204082
529.8367346938776
527.8775510204082
524.3061224489796
519.6122448979592
514.4285714285714
509.40816326530614
505.2857142857143
502.51020408163265
501.2040816326531
501.18367346938777
502.0612244897959
503.46938775510205
505.0408163265306
506.44897959183675
507.44897959183675
507.9591836734694
508.0612244897959
