36647
36657
36648
36667
36669
36648
36692
36687
36682
36696
36696
36677
36713
36715
36728
36723
36714
36709
36707
36716
36731
36697
36686
36689
36705
36642
36673
36676
36620
36628
36639
36636
36636
36643
36625
36630
36655
36646
36620
36670
36641
36644
36648
36644
36651
36679
36654
36678
36672
36641
36672
36676
36670
36705
36709
36694
36682
36713
36697
36699
36701
36692
36684
36658
36640
36640
36613
36617
36606
36633
36595
36582
36625
36616
36620
36611
36643
36635
36649
36649
36687
36652
36665
36665
36674
36669
36688
36710
36728
36719
36713
36731
36729
36755
36737
36742
36730
36762
36757
36732
36731
36714
36701
36667
36656
36637
36630
36609
36640
36632
36586
36605
36611
36609
36608
36634
36617
36609
36638
36623
36646
36642
36645
36648
36667
36671
36677
36706
36685
36703
36719
36719
36720
36723
36724
36741
36745
36754
36707
36735
36691
36678
36690
36687
36690
36671
36642
36668
36621
36622
36651
36631
36654
36662
36646
36656
36686
36689
36696
36687
36684
36712
36705
36725
36721
36710
36715
36705
36730
36727
36722
36724
36728
36728
36735
36743
36754
36730
36735
36725
36726
36707
36712
36691
36670
36673
36662
36648
36653
36635
36645
36648
36650
36649
36654
36653
36671
36682
36689
36681
36705
36668
36723
36723
36707
36710
36730
36741
36740
36755
36769
36751
36777
36773
36758
36773
36766
36799
36767
36794
36760
36733
36739
36737
36730
36731
36695
36721
36706
36681
36685
36664
36673
36667
36661
36695
36688
36697
36729
36716
36723
36717
36698
36758
36747
36734
36755
36754
36758
36758
36749
36772
36781
36787
36809
36800
36776
36785
36804
36771
36736
36761
36741
36742
36732
36716
36698
36687
36716
36703
36703
36683
36696
36713
36721
36699
36727
36753
36755
36734
36756
36748
36771
36773
36775
36776
36805
36800
36814
36828
36834
36834
36827
36827
36838
36845
36843
36847
36826
36797
36808
36781
36773
36755
36738
36725
36699
36716
36704
36694
36720
36723
36695
36708
36718
36716
36694
36719
36749
36741
36754
36754
36750
36776
36775
36782
36785
36801
36802
36804
36798
36801
36805
36816
36840
36857
36827
36853
36837
36839
36811
36807
36789
36765
36781
36733
36737
36779
36741
36734
36737
36729
36737
36755
36766
36757
36780
36799
36777
36787
36780
36814
36801
36803
36794
36831
36823
36830
36815
36837
36817
36828
36859
36869
36857
36845
36847
36797
36825
36832
36790
36787
36780
36784
36753
36725
36726
36733
36718
36728
36752
36728
36761
36749
36749
36756
36754
36770
36771
36778
36760
36804
36789
36778
36793
36841
36838
36816
36825
36838
36843
36865
36853
36883
36875
36885
36876
36864
36848
36851
36853
36826
36823
36807
36790
36780
36762
36757
36760
36765
36763
36775
36761
36773
36771
36772
36782
36801
36774
36807
36786
36796
36808
36793
36802
36801
36831
36820
36818
36832
36853
36821
36848
36847
36865
36870
36850
36853
36813
36828
36822
36833
36802
36798
36801
36768
36795
36806
36774
36755
36759
36774
36783
36784
36787
36798
36817
36823
36815
36821
36819
36824
36846
36866
36864
36859
36850
36913
36888
36869
36870
36906
36895
36886
36890
36900
36875
36908
36860
36860
36850
36845
36837
36813
36805
36788
36811
36791
36772
36794
36781
36778
36786
36771
36790
36809
36812
36803
36819
36807
36814
36823
36832
36834
36832
36838
36849
36862
36874
36870
36882
36862
36885
36910
36893
36889
36896
36862
36881
36854
36855
36845
36834
36830
36824
36808
36804
36811
36809
36829
36790
36819
36825
36804
36826
36841
36848
36830
36863
36850
36858
36851
36864
36866
36854
36880
36862
36878
36892
36892
36881
36885
36901
36898
36874
36865
36885
36871
36871
36840
36847
36818
36822
36805
36804
36765
36800
36740
36780
36788
36786
36801
36779
36769
36811
36796
36821
36830
36818
36842
36859
36816
36854
36876
36841
36853
36893
36876
36890
36897
36888
36891
36903
36906
36938
36889
36889
36897
36880
36858
36868
36850
36804
36823
36802
36813
36794
36780
36807
36786
36812
36807
36787
36829
36809
36820
36827
36819
36805
36839
36860
36845
36852
36856
36856
36853
36864
36890
36890
36863
36874
36897
36885
36885
36876
36895
36885
36854
36870
36850
36837
36809
36807
36796
36796
36775
36771
36781
36787
36795
36801
36785
36834
36812
36825
36843
36820
36861
36864
36861
36879
36898
36854
36876
36898
36877
36908
36926
36914
36900
36923
36936
36945
36942
36922
36921
36904
36871
36861
36870
36875
36816
36797
36807
36800
36785
36761
36838
36769
36776
36811
36793
36809
36813
36829
36830
36839
36816
36844
36860
36846
36849
36853
36857
36853
36839
36878
36900
36889
36911
36897
36902
36912
36913
36901
36900
36881
36877
36868
36851
36848
36852
36824
36794
36825
36786
36806
36803
36823
36784
36810
36830
36838
36866
36847
36851
36846
36872
36862
36881
36867
36879
36888
36901
36894
36916
36909
36879
36905
36893
36898
36917
36921
36900
36905
36890
36881
36898
36847
36863
36843
36826
36802
36817
36817
36781
36799
36801
36804
36797
36793
36814
36829
36830
36843
36832
36854
36853
36881
36885
36866
36876
36908
36921
36900
36903
36900
36913
36936
36939
36925
36951
36956
36942
36916
36952
36894
36922
36911
36887
36873
36866
36821
36833
36860
36827
36843
36853
36829
36824
36816
36810
36832
36842
36852
36851
36854
36856
36870
36865
36869
36884
36864
36876
36882
36883
36883
36919
36913
36916
36917
36900
36939
36928
36922
36880
36915
36873
36886
36860
36856
36829
36845
36832
36814
36820
36809
36835
36802
36842
36838
36835
36849
36850
36885
36846
36886
36872
36898
36892
36881
36887
36902
36915
36920
36926
36933
36940
36954
36953
36954
36962
36953
36942
36926
36936
36939
36886
36886
36891
36858
36850
36834
36806
36790
36804
36811
36789
36815
36817
36803
36817
36839
36818
36845
36850
36857
36873
36857
36871
36880
36916
36895
36869
36899
36887
36911
36909
36912
36919
36895
36937
36928
36927
36917
36908
36909
36886
36885
36879
36847
36857
36833
36818
36803
36818
36838
36798
36832
36834
36838
36859
36854
36879
36860
36861
36878
36873
36917
36882
36904
36917
36919
36901
36914
36893
36893
36906
36920
36931
36937
36933
36921
36911
36902
36903
36913
36883
36871
36858
36849
36833
36821
36827
36816
36817
36809
36823
36825
36827
36840
36843
36835
36831
36867
36855
36862
36866
36889
36902
